Date (GMT)	Open	High	Low	Last
15/09/2015	95.302	95.677	95.125	95.611
16/09/2015	95.573	95.845	95.161	95.42
17/09/2015	95.309	95.387	94.36	94.55
18/09/2015	94.568	95.383	94.063	94.863
21/09/2015	95.365	95.978	95.039	95.894
22/09/2015	95.923	96.404	95.759	96.283
23/09/2015	96.307	96.548	96.024	96.068
24/09/2015	96.235	96.69	95.458	96.69
25/09/2015	96.239	96.7	96.117	96.269
28/09/2015	96.288	96.501	95.901	96.034
29/09/2015	96.021	96.237	95.708	95.855
30/09/2015	95.908	96.413	95.852	96.35
01/10/2015	96.267	96.49	95.966	96.185
02/10/2015	96.136	96.379	95.218	95.83
05/10/2015	95.838	96.169	95.451	96.106
06/10/2015	96.052	96.164	95.398	95.455
07/10/2015	95.472	95.698	95.327	95.497
08/10/2015	95.567	95.614	94.984	95.318
09/10/2015	95.227	95.34	94.692	94.813
12/10/2015	94.863	94.903	94.619	94.841
13/10/2015	94.897	94.982	94.539	94.759
14/10/2015	94.762	94.759	93.845	93.931
15/10/2015	93.951	94.589	93.806	94.371
16/10/2015	94.471	94.771	94.369	94.54
19/10/2015	94.669	95	94.552	94.928
20/10/2015	94.93	94.952	94.594	94.913
21/10/2015	94.848	95.077	94.722	95.035
22/10/2015	95.038	96.537	94.943	96.378
23/10/2015	96.401	97.201	96.148	97.127
26/10/2015	97.147	97.147	96.679	96.861
27/10/2015	96.798	96.969	96.583	96.906
28/10/2015	96.948	97.818	96.466	97.782
29/10/2015	97.609	97.689	97.19	97.282
30/10/2015	97.192	97.353	96.577	96.946
02/11/2015	96.686	96.965	96.635	96.928
03/11/2015	96.898	97.483	96.77	97.158
04/11/2015	97.196	98.054	97.174	97.95
05/11/2015	97.937	98.135	97.751	97.936
06/11/2015	97.947	99.345	97.893	99.168
09/11/2015	99.272	99.272	98.818	98.979
10/11/2015	99.008	99.504	98.942	99.293
11/11/2015	99.098	99.238	98.778	99.013
12/11/2015	98.823	99.288	98.432	98.649
13/11/2015	98.568	99.214	98.528	98.998
16/11/2015	98.998	99.46	98.868	99.442
17/11/2015	99.397	99.745	99.358	99.631
18/11/2015	99.65	99.853	99.311	99.652
19/11/2015	99.413	99.477	98.735	98.989
20/11/2015	99.087	99.646	98.999	99.565
23/11/2015	99.655	100	99.531	99.803
24/11/2015	99.678	99.785	99.466	99.527
25/11/2015	99.563	100.17	99.312	99.795
26/11/2015	99.739	99.907	99.714	99.795
27/11/2015	99.859	100.2	99.656	100.02
30/11/2015	100.08	100.31	100.05	100.17
01/12/2015	100.23	100.26	99.719	99.795
02/12/2015	99.832	100.51	99.803	99.993
03/12/2015	100.01	100.47	97.591	97.621
04/12/2015	97.828	98.609	97.754	98.354
07/12/2015	98.381	98.903	98.301	98.655
08/12/2015	98.732	98.763	98.332	98.474
09/12/2015	98.446	98.521	97.223	97.345
10/12/2015	97.407	97.988	97.36	97.939
11/12/2015	97.979	98.095	97.329	97.565
14/12/2015	97.605	97.932	97.275	97.604
15/12/2015	97.643	98.292	97.19	98.217
16/12/2015	98.189	98.601	97.655	97.871
17/12/2015	98.555	99.294	98.528	99.27
18/12/2015	99.023	99.182	98.636	98.703
21/12/2015	98.682	98.838	98.294	98.363
22/12/2015	98.457	98.508	98	98.235
23/12/2015	98.214	98.604	98.185	98.341
24/12/2015	98.331	98.378	97.864	97.984
28/12/2015	97.951	98.032	97.811	97.919
29/12/2015	97.903	98.413	97.799	98.101
30/12/2015	98.207	98.409	98.113	98.266
31/12/2015	98.218	98.778	98.178	98.631
04/01/2016	98.587	99.182	98.049	98.869
05/01/2016	98.872	99.634	98.747	99.404
06/01/2016	99.39	99.577	99.108	99.181
07/01/2016	99.211	99.297	98.169	98.219
08/01/2016	98.302	99.183	98.265	98.54
11/01/2016	98.413	98.895	98.252	98.725
12/01/2016	98.796	99.276	98.573	98.974
13/01/2016	99.033	99.333	98.861	98.933
14/01/2016	98.82	99.257	98.59	99.089
15/01/2016	99.104	99.121	98.378	98.956
18/01/2016	98.8	99.2	98.8	98.956
19/01/2016	99.124	99.31	98.864	98.991
20/01/2016	99.023	99.185	98.626	99.091
21/01/2016	99.192	99.799	98.909	99.056
22/01/2016	99.183	99.592	99.113	99.574
25/01/2016	99.521	99.547	99.231	99.36
26/01/2016	99.296	99.455	98.996	99.36
27/01/2016	99.024	99.163	98.711	98.902
28/01/2016	98.884	99.105	98.425	98.51
29/01/2016	98.647	99.829	98.576	99.606
01/02/2016	99.546	99.633	98.93	99.009
02/02/2016	98.991	99.086	98.751	98.872
03/02/2016	98.829	98.938	96.885	97.288
04/02/2016	97.29	97.465	96.259	96.474
05/02/2016	96.555	97.265	96.316	97.031
08/02/2016	97.057	97.476	96.542	96.57
09/02/2016	96.726	96.825	95.663	96.071
10/02/2016	96.06	96.72	95.756	95.888
11/02/2016	95.889	95.9	95.236	95.562
12/02/2016	95.504	96.215	95.456	95.94
15/02/2016	96.081	96.884	95.94	95.982
16/02/2016	96.578	96.99	96.382	96.868
17/02/2016	96.939	97.1	96.626	96.786
18/02/2016	96.893	97.087	96.688	96.951
19/02/2016	96.872	97.17	96.561	96.6
22/02/2016	96.785	97.6	96.735	97.379
23/02/2016	97.359	97.578	97.136	97.481
24/02/2016	97.472	97.916	97.23	97.458
25/02/2016	97.486	97.721	97.223	97.287
26/02/2016	97.399	98.26	97.098	98.148
29/02/2016	98.166	98.373	97.796	98.211
01/03/2016	98.182	98.57	98.092	98.352
02/03/2016	98.261	98.582	98.121	98.214
03/03/2016	98.199	98.35	97.46	97.592
04/03/2016	97.672	98.03	97.019	97.34
07/03/2016	97.402	97.701	97.038	97.071
08/03/2016	97.108	97.269	96.887	97.209
09/03/2016	97.217	97.569	96.931	97.173
10/03/2016	97.232	98.422	95.939	96.066
11/03/2016	96.173	96.72	95.938	96.172
14/03/2016	96.31	96.713	96.135	96.624
15/03/2016	96.603	96.869	96.466	96.633
16/03/2016	96.667	97.064	95.539	95.89
17/03/2016	95.746	95.826	94.65	94.76
18/03/2016	94.771	95.168	94.578	95.086
21/03/2016	95.151	95.414	95.002	95.288
22/03/2016	95.428	95.747	95.257	95.648
23/03/2016	95.637	96.23	95.619	96.046
24/03/2016	96.071	96.364	96.041	96.142
28/03/2016	96.27	96.399	95.836	95.943
29/03/2016	95.956	96.222	95.089	95.16
30/03/2016	95.21	95.222	94.588	94.841
31/03/2016	94.837	95.031	94.319	94.586
01/04/2016	94.644	95.107	94.334	94.619
04/04/2016	94.565	94.829	94.407	94.51
05/04/2016	94.585	94.977	94.447	94.631
06/04/2016	94.596	95.066	94.239	94.43
07/04/2016	94.481	94.666	94.015	94.482
08/04/2016	94.562	94.677	94.093	94.235
11/04/2016	94.103	94.341	93.748	93.95
12/04/2016	93.989	94.393	93.627	93.959
13/04/2016	94.053	94.853	94.002	94.744
14/04/2016	94.809	95.2	94.676	94.902
15/04/2016	94.934	95.052	94.506	94.696
18/04/2016	94.591	94.827	94.384	94.49
19/04/2016	94.49	94.546	93.926	93.976
20/04/2016	94.137	94.593	93.936	94.492
21/04/2016	94.535	94.7	93.923	94.599
22/04/2016	94.63	95.196	94.468	95.116
25/04/2016	95.108	95.084	94.679	94.842
26/04/2016	94.788	94.811	94.205	94.573
27/04/2016	94.529	94.802	94.148	94.387
28/04/2016	94.387	94.582	93.685	93.761
29/04/2016	93.804	93.804	93.007	93.082
02/05/2016	93.018	93.073	92.537	92.626
03/05/2016	92.602	93.109	91.919	92.944
04/05/2016	92.983	93.361	92.85	93.179
05/05/2016	93.214	93.862	93.17	93.78
06/05/2016	93.735	93.962	93.277	93.888
09/05/2016	93.908	94.204	93.803	94.128
10/05/2016	94.133	94.356	94.031	94.29
11/05/2016	94.259	94.259	93.684	93.823
12/05/2016	93.85	94.191	93.799	94.15
13/05/2016	94.121	94.845	94.117	94.608
16/05/2016	94.653	94.682	94.398	94.572
17/05/2016	94.574	94.708	94.329	94.548
18/05/2016	94.582	95.27	94.528	95.08
19/05/2016	95.148	95.502	95.123	95.287
20/05/2016	95.289	95.461	95.174	95.334
23/05/2016	95.321	95.477	95.104	95.231
24/05/2016	95.266	95.66	95.202	95.571
25/05/2016	95.626	95.661	95.33	95.354
26/05/2016	95.42	95.422	94.938	95.168
27/05/2016	95.139	95.779	95.082	95.521
30/05/2016	95.699	95.968	95.521	95.521
31/05/2016	95.657	95.895	95.463	95.891
01/06/2016	95.813	95.901	95.344	95.455
02/06/2016	95.432	95.609	95.153	95.564
03/06/2016	95.553	95.638	93.855	94.029
06/06/2016	94.019	94.274	93.745	93.902
07/06/2016	94.017	94.094	93.754	93.828
08/06/2016	93.855	93.869	93.425	93.59
09/06/2016	93.549	94.13	93.433	93.953
10/06/2016	94.093	94.713	94.045	94.571
13/06/2016	94.654	94.75	94.243	94.362
14/06/2016	94.361	95.025	94.324	94.928
15/06/2016	94.914	95.043	94.36	94.61
16/06/2016	94.599	95.318	94.205	94.569
17/06/2016	94.575	94.59	94.074	94.206
20/06/2016	93.868	93.868	93.449	93.611
21/06/2016	93.611	94.135	93.425	94.017
22/06/2016	94.046	94.123	93.421	93.716
23/06/2016	93.503	93.614	93.019	93.529
24/06/2016	93.451	96.703	93.451	95.448
27/06/2016	96.07	96.705	95.807	96.544
28/06/2016	96.414	96.414	95.769	96.245
29/06/2016	96.037	96.2	95.592	95.769
30/06/2016	95.665	96.417	95.443	96.143
01/07/2016	95.89	96.078	95.407	95.649
04/07/2016	95.694	95.895	95.432	95.649
05/07/2016	95.541	96.254	95.336	96.166
06/07/2016	96.251	96.496	95.977	96.053
07/07/2016	96.132	96.338	95.92	96.328
08/07/2016	96.284	96.697	95.826	96.302
11/07/2016	96.293	96.793	96.274	96.571
12/07/2016	96.542	96.644	96.07	96.441
13/07/2016	96.513	96.598	96.093	96.216
14/07/2016	96.266	96.368	95.831	96.077
15/07/2016	96.128	96.731	95.912	96.58
18/07/2016	96.59	96.713	96.466	96.562
19/07/2016	96.551	97.148	96.522	97.063
20/07/2016	97.08	97.323	96.989	97.201
21/07/2016	97.133	97.206	96.733	97
22/07/2016	96.916	97.543	96.825	97.467
25/07/2016	97.351	97.569	97.219	97.286
26/07/2016	97.287	97.316	96.853	97.156
27/07/2016	97.142	97.53	96.67	97.053
28/07/2016	96.726	96.771	96.287	96.739
29/07/2016	96.624	96.624	95.384	95.531
01/08/2016	95.593	95.824	95.537	95.713
02/08/2016	95.824	95.846	95.003	95.064
03/08/2016	95.134	95.609	95.134	95.563
04/08/2016	95.541	95.904	95.424	95.758
05/08/2016	95.779	96.522	95.547	96.194
08/08/2016	96.293	96.474	96.149	96.401
09/08/2016	96.385	96.524	96.077	96.183
10/08/2016	96.125	96.125	95.442	95.65
11/08/2016	95.583	95.973	95.505	95.857
12/08/2016	95.916	95.994	95.254	95.722
15/08/2016	95.654	95.801	95.468	95.629
16/08/2016	95.609	95.659	94.426	94.791
17/08/2016	94.803	95.102	94.51	94.718
18/08/2016	94.704	94.704	94.077	94.157
19/08/2016	94.228	94.628	94.217	94.511
22/08/2016	94.718	94.958	94.443	94.519
23/08/2016	94.554	94.583	94.214	94.539
24/08/2016	94.551	94.909	94.505	94.786
25/08/2016	94.777	94.83	94.591	94.772
26/08/2016	94.721	95.594	94.246	95.566
29/08/2016	95.607	95.834	95.479	95.58
30/08/2016	95.585	96.143	95.526	96.054
31/08/2016	96.011	96.255	95.902	96.022
01/09/2016	95.982	96.239	95.595	95.653
02/09/2016	95.667	95.958	95.189	95.844
05/09/2016	95.887	95.887	95.552	95.844
06/09/2016	95.794	95.861	94.767	94.823
07/09/2016	94.895	95.061	94.69	94.956
08/09/2016	94.96	95.142	94.465	95.027
09/09/2016	94.939	95.579	94.803	95.336
12/09/2016	95.302	95.447	94.935	95.095
13/09/2016	95.116	95.672	95.075	95.633
14/09/2016	95.555	95.662	95.198	95.327
15/09/2016	95.333	95.563	95.083	95.288
16/09/2016	95.231	96.108	95.219	96.108
19/09/2016	96.066	96.066	95.645	95.841
20/09/2016	95.83	96.042	95.597	96.019
21/09/2016	96.001	96.333	95.445	95.66
22/09/2016	95.505	95.532	95.048	95.448
23/09/2016	95.364	95.683	95.34	95.477
26/09/2016	95.398	95.531	95.128	95.297
27/09/2016	95.324	95.669	95.241	95.435
28/09/2016	95.452	95.739	95.365	95.431
29/09/2016	95.369	95.681	95.332	95.535
30/09/2016	95.507	95.96	95.342	95.463
03/10/2016	95.544	95.802	95.462	95.695
04/10/2016	95.728	96.442	95.728	96.169
05/10/2016	96.103	96.314	95.957	96.125
06/10/2016	96.144	96.769	96.115	96.765
07/10/2016	97.12	97.188	96.401	96.632
10/10/2016	96.628	96.973	96.458	96.929
11/10/2016	96.906	97.758	96.906	97.69
12/10/2016	97.543	98.043	97.455	97.966
13/10/2016	97.991	98.129	97.499	97.516
14/10/2016	97.535	98.122	97.511	98.019
17/10/2016	98.151	98.169	97.812	97.888
18/10/2016	97.867	97.964	97.608	97.895
19/10/2016	97.895	97.965	97.634	97.92
20/10/2016	97.846	98.404	97.656	98.315
21/10/2016	98.317	98.813	98.306	98.695
24/10/2016	98.64	98.846	98.537	98.756
25/10/2016	98.77	99.119	98.607	98.719
26/10/2016	98.696	98.844	98.335	98.629
27/10/2016	98.622	99.026	98.503	98.888
28/10/2016	98.924	98.936	98.242	98.348
31/10/2016	98.299	98.698	98.292	98.445
01/11/2016	98.386	98.483	97.64	97.699
02/11/2016	97.753	97.804	97.178	97.398
03/11/2016	97.373	97.456	97.041	97.157
04/11/2016	97.171	97.35	96.894	97.065
07/11/2016	97.544	97.866	97.224	97.781
08/11/2016	97.742	97.995	97.554	97.861
09/11/2016	97.68	98.704	95.885	98.504
10/11/2016	98.608	99.081	98.311	98.785
11/11/2016	98.849	99.132	98.539	99.06
14/11/2016	99.133	100.22	99.133	100.11
15/11/2016	99.796	100.26	99.45	100.23
16/11/2016	100.18	100.57	99.898	100.41
17/11/2016	100.26	101.01	99.96	100.89
18/11/2016	100.97	101.48	100.83	101.21
21/11/2016	101.28	101.4	100.74	101.05
22/11/2016	100.77	101.32	100.65	101.04
23/11/2016	100.95	101.91	100.89	101.7
24/11/2016	101.82	102.05	101.43	101.7
25/11/2016	101.84	101.92	101.21	101.49
28/11/2016	101.25	101.6	100.64	101.33
29/11/2016	101.18	101.64	100.86	100.93
30/11/2016	100.85	101.83	100.84	101.5
01/12/2016	101.52	101.59	100.87	101.04
02/12/2016	100.88	101.11	100.62	100.77
05/12/2016	100.84	101.54	99.849	100.09
06/12/2016	100.13	100.58	99.984	100.49
07/12/2016	100.48	100.6	100.13	100.23
08/12/2016	100.23	101.25	99.43	101.1
09/12/2016	101.06	101.74	101.01	101.59
12/12/2016	101.71	101.78	100.84	101.03
13/12/2016	100.89	101.16	100.75	101.07
14/12/2016	101.04	102.35	100.73	101.76
15/12/2016	102.23	103.56	102.16	103.02
16/12/2016	103.16	103.27	102.62	102.95
19/12/2016	102.9	103.21	102.52	103.14
20/12/2016	103.15	103.65	103.03	103.29
21/12/2016	103.26	103.38	102.77	103.02
22/12/2016	103.05	103.14	102.59	103.09
23/12/2016	103.08	103.23	102.88	103.01
26/12/2016	103.01	103.02	102.83	103.01
27/12/2016	102.97	103.15	102.95	103.02
28/12/2016	103.02	103.63	102.87	103.3
29/12/2016	103.21	103.25	102.6	102.68
30/12/2016	102.13	102.59	101.91	102.21
02/01/2017	102.38	102.94	102.21	102.83
03/01/2017	102.88	103.82	102.59	103.21
04/01/2017	103.17	103.44	102.39	102.7
05/01/2017	102.45	102.51	101.3	101.52
06/01/2017	101.4	102.29	101.37	102.22
09/01/2017	102.25	102.52	101.8	101.93
10/01/2017	101.85	102.1	101.51	102.01
11/01/2017	102.07	102.95	101.28	101.78
12/01/2017	101.67	101.8	100.72	101.35
13/01/2017	101.51	101.67	101.01	101.18
16/01/2017	101.66	101.73	101.32	101.18
17/01/2017	101.54	101.62	100.26	100.33
18/01/2017	100.43	101.34	100.32	100.93
19/01/2017	101.35	101.73	100.97	101.15
20/01/2017	101.17	101.5	100.7	100.74
23/01/2017	100.74	100.74	99.899	100.16
24/01/2017	100.08	100.43	99.922	100.35
25/01/2017	100.31	100.41	99.835	100.03
26/01/2017	99.91	100.73	99.793	100.38
27/01/2017	100.49	100.82	100.32	100.53
30/01/2017	100.32	101.02	100.17	100.43
31/01/2017	100.33	100.51	99.43	99.512
01/02/2017	99.559	100.04	99.502	99.641
02/02/2017	99.757	99.873	99.233	99.79
03/02/2017	99.793	100.26	99.563	99.868
06/02/2017	99.65	100.25	99.632	99.907
07/02/2017	99.934	100.72	99.913	100.26
08/02/2017	100.44	100.64	100.06	100.28
09/02/2017	100.22	100.68	100.08	100.65
10/02/2017	100.67	101.01	100.58	100.8
13/02/2017	100.84	101.11	100.58	100.96
14/02/2017	100.98	101.38	100.7	101.25
15/02/2017	101.22	101.76	101	101.18
16/02/2017	101.05	101.07	100.41	100.44
17/02/2017	100.52	100.96	100.45	100.95
20/02/2017	100.93	100.98	100.77	100.95
21/02/2017	100.93	101.6	100.91	101.37
22/02/2017	101.4	101.72	101.17	101.22
23/02/2017	101.38	101.44	100.87	101.05
24/02/2017	100.95	101.17	100.66	101.09
27/02/2017	101.11	101.27	100.69	101.13
28/02/2017	101.21	101.4	100.78	101.12
01/03/2017	101.43	101.97	101.23	101.78
02/03/2017	101.92	102.26	101.78	102.2
03/03/2017	102.13	102.17	101.34	101.54
06/03/2017	101.4	101.75	101.22	101.64
07/03/2017	101.68	101.91	101.53	101.81
08/03/2017	101.79	102.19	101.71	102.07
09/03/2017	102.11	102.25	101.7	101.85
10/03/2017	101.99	102	101.17	101.25
13/03/2017	101.31	101.39	101.01	101.31
14/03/2017	101.4	101.79	101.34	101.7
15/03/2017	101.71	101.72	100.49	100.74
16/03/2017	100.56	100.75	100.21	100.36
17/03/2017	100.24	100.47	100.14	100.3
20/03/2017	100.36	100.45	100.02	100.41
21/03/2017	100.37	100.47	99.66	99.813
22/03/2017	99.693	99.928	99.547	99.677
23/03/2017	99.747	99.868	99.631	99.76
24/03/2017	99.771	100	99.527	99.627
27/03/2017	99.473	99.534	98.858	99.166
28/03/2017	99.223	99.794	99.115	99.712
29/03/2017	99.704	100.13	99.666	99.998
30/03/2017	99.962	100.6	99.925	100.41
31/03/2017	100.49	100.65	100.25	100.35
03/04/2017	100.5	100.69	100.37	100.54
04/04/2017	100.49	100.73	100.42	100.54
05/04/2017	100.52	100.85	100.41	100.56
06/04/2017	100.5	100.77	100.38	100.67
07/04/2017	100.73	101.26	100.52	101.18
10/04/2017	101.18	101.34	100.94	101.02
11/04/2017	100.97	101.08	100.58	100.71
12/04/2017	100.73	100.82	100.09	100.78
13/04/2017	100.16	100.6	100.01	100.56
14/04/2017	100.58	100.61	100.36	100.56
17/04/2017	100.49	100.47	100	100.29
18/04/2017	100.34	100.4	99.465	99.499
19/04/2017	99.507	99.893	99.508	99.738
20/04/2017	99.783	99.85	99.374	99.778
21/04/2017	99.834	100.03	99.653	99.977
24/04/2017	98.97	99.326	98.908	99.092
25/04/2017	99.052	99.215	98.695	98.785
26/04/2017	98.847	99.332	98.728	99.045
27/04/2017	98.953	99.331	98.814	99.076
28/04/2017	99.174	99.248	98.716	99.05
01/05/2017	98.931	99.208	98.886	99.077
02/05/2017	99.069	99.224	98.917	98.976
03/05/2017	98.92	99.394	98.893	99.209
04/05/2017	99.348	99.462	98.709	98.797
05/05/2017	98.771	98.975	98.543	98.648
08/05/2017	98.787	99.189	98.599	99.06
09/05/2017	99.137	99.688	99.079	99.658
10/05/2017	99.476	99.724	99.365	99.669
11/05/2017	99.66	99.888	99.486	99.623
12/05/2017	99.632	99.696	99.164	99.252
15/05/2017	99.154	99.262	98.787	98.911
16/05/2017	98.878	98.891	98.08	98.105
17/05/2017	98.091	98.129	97.333	97.575
18/05/2017	97.435	98.073	97.371	97.879
19/05/2017	97.85	97.852	97.08	97.142
22/05/2017	97.215	97.441	96.797	96.984
23/05/2017	96.948	97.419	96.802	97.351
24/05/2017	97.341	97.465	97.025	97.238
25/05/2017	97.073	97.284	96.88	97.248
26/05/2017	97.23	97.548	97.036	97.442
29/05/2017	97.432	97.614	97.326	97.442
30/05/2017	97.634	97.776	97.223	97.28
31/05/2017	97.429	97.495	96.858	96.922
01/06/2017	96.986	97.319	96.903	97.198
02/06/2017	97.188	97.31	96.654	96.715
05/06/2017	96.732	96.968	96.697	96.799
06/06/2017	96.793	96.799	96.517	96.636
07/06/2017	96.544	96.982	96.511	96.748
08/06/2017	96.705	97.229	96.594	96.918
09/06/2017	97.176	97.5	97.145	97.274
12/06/2017	97.218	97.323	97.043	97.138
13/06/2017	97.172	97.283	96.949	96.975
14/06/2017	97.005	97.125	96.323	96.939
15/06/2017	96.926	97.557	96.841	97.433
16/06/2017	97.476	97.56	97.097	97.164
19/06/2017	97.104	97.575	97.045	97.548
20/06/2017	97.535	97.871	97.432	97.76
21/06/2017	97.729	97.802	97.516	97.559
22/06/2017	97.545	97.646	97.431	97.593
23/06/2017	97.562	97.584	97.177	97.264
26/06/2017	97.238	97.467	97.114	97.426
27/06/2017	97.43	97.447	96.344	96.394
28/06/2017	96.428	96.617	95.967	96.01
29/06/2017	96.037	96.046	95.531	95.628
30/06/2017	95.538	95.828	95.47	95.628
03/07/2017	95.647	96.239	95.63	96.218
04/07/2017	96.164	96.333	96.045	96.218
05/07/2017	96.191	96.512	96.068	96.29
06/07/2017	96.192	96.344	95.785	95.802
07/07/2017	95.801	96.152	95.751	96.008
10/07/2017	96.026	96.202	95.954	96.022
11/07/2017	96.071	96.205	95.651	95.669
12/07/2017	95.707	95.98	95.511	95.761
13/07/2017	95.78	95.922	95.464	95.728
14/07/2017	95.796	95.834	95.088	95.153
17/07/2017	95.088	95.348	95.018	95.128
18/07/2017	95.156	95.191	94.476	94.604
19/07/2017	94.688	94.894	94.643	94.779
20/07/2017	94.772	95.167	94.09	94.306
21/07/2017	94.295	94.357	93.854	93.858
24/07/2017	93.943	94.122	93.823	93.977
25/07/2017	94.027	94.123	93.638	94.054
26/07/2017	94.087	94.285	93.37	93.672
27/07/2017	93.459	94.103	93.152	93.864
28/07/2017	93.867	93.946	93.256	93.259
31/07/2017	93.361	93.535	92.784	92.863
01/08/2017	92.893	93.118	92.777	93.043
02/08/2017	93.064	93.16	92.548	92.836
03/08/2017	92.9	93.038	92.679	92.839
04/08/2017	92.759	93.774	92.696	93.542
07/08/2017	93.508	93.541	93.302	93.432
08/08/2017	93.445	93.876	93.238	93.647
09/08/2017	93.557	93.888	93.488	93.548
10/08/2017	93.501	93.805	93.316	93.401
11/08/2017	93.429	93.507	92.934	93.069
14/08/2017	93.072	93.495	93.048	93.411
15/08/2017	93.458	94.139	93.435	93.853
16/08/2017	93.835	94.145	93.468	93.541
17/08/2017	93.443	94.08	93.312	93.622
18/08/2017	93.679	93.762	93.331	93.434
21/08/2017	93.455	93.582	92.997	93.095
22/08/2017	93.136	93.577	93.061	93.545
23/08/2017	93.508	93.628	93.126	93.147
24/08/2017	93.162	93.378	93.139	93.277
25/08/2017	93.268	93.44	92.424	92.74
28/08/2017	92.318	92.55	92.168	92.207
29/08/2017	92.219	92.475	91.621	92.249
30/08/2017	92.295	92.946	92.251	92.884
31/08/2017	92.851	93.347	92.561	92.668
01/09/2017	92.609	92.926	92.1	92.814
04/09/2017	92.657	92.697	92.445	92.635
05/09/2017	92.601	92.727	92.183	92.252
06/09/2017	92.238	92.375	91.988	92.29
07/09/2017	92.203	92.253	91.405	91.663
08/09/2017	91.489	91.513	91.011	91.352
11/09/2017	91.442	91.985	91.415	91.899
12/09/2017	91.863	92.08	91.769	91.882
13/09/2017	91.884	92.53	91.71	92.52
14/09/2017	92.353	92.661	91.975	92.124
15/09/2017	92.004	92.166	91.577	91.872
18/09/2017	91.946	92.21	91.799	92.047
19/09/2017	91.984	92.049	91.747	91.793
20/09/2017	91.829	92.697	91.526	92.508
21/09/2017	92.473	92.657	92.101	92.187
22/09/2017	92.184	92.221	91.781	92.171
25/09/2017	92.42	92.724	92.206	92.648
26/09/2017	92.6	93.286	92.547	92.966
27/09/2017	93.041	93.607	93.005	93.361
28/09/2017	93.466	93.666	93.073	93.085
29/09/2017	93.166	93.265	92.949	93.076
02/10/2017	93.222	93.658	93.124	93.559
03/10/2017	93.598	93.92	93.431	93.569
04/10/2017	93.57	93.579	93.259	93.458
05/10/2017	93.483	93.99	93.41	93.961
06/10/2017	93.919	94.267	93.771	93.8
09/10/2017	93.772	93.844	93.623	93.675
10/10/2017	93.734	93.737	93.137	93.29
11/10/2017	93.255	93.369	92.898	93.015
12/10/2017	92.953	93.228	92.797	93.057
13/10/2017	93.087	93.239	92.749	93.091
16/10/2017	93.076	93.357	93.076	93.312
17/10/2017	93.315	93.729	93.281	93.512
18/10/2017	93.481	93.797	93.359	93.363
19/10/2017	93.42	93.55	93.055	93.159
20/10/2017	93.164	93.783	93.122	93.701
23/10/2017	93.818	94.017	93.679	93.936
24/10/2017	93.834	93.992	93.682	93.772
25/10/2017	93.938	94.008	93.608	93.711
26/10/2017	93.631	94.717	93.477	94.612
27/10/2017	94.717	95.15	94.731	94.916
30/10/2017	94.834	94.903	94.437	94.56
31/10/2017	94.536	94.703	94.454	94.552
01/11/2017	94.553	94.854	94.512	94.815
02/11/2017	94.797	94.8	94.411	94.685
03/11/2017	94.731	95.015	94.408	94.941
06/11/2017	94.873	95.077	94.688	94.757
07/11/2017	94.723	95.149	94.7	94.913
08/11/2017	94.8	94.965	94.78	94.866
09/11/2017	94.88	94.959	94.415	94.444
10/11/2017	94.497	94.65	94.258	94.391
13/11/2017	94.42	94.641	94.401	94.49
14/11/2017	94.517	94.542	93.746	93.827
15/11/2017	93.861	93.93	93.402	93.813
16/11/2017	93.837	93.998	93.772	93.932
17/11/2017	93.872	93.93	93.508	93.662
20/11/2017	93.709	94.104	93.575	94.08
21/11/2017	94.038	94.165	93.878	93.952
22/11/2017	93.93	93.962	93.212	93.22
23/11/2017	93.303	93.305	93.07	93.22
24/11/2017	93.125	93.249	92.675	92.782
27/11/2017	92.731	92.98	92.496	92.904
28/11/2017	92.888	93.336	92.827	93.27
29/11/2017	93.218	93.435	92.992	93.164
30/11/2017	93.259	93.505	92.729	93.047
01/12/2017	93.026	93.248	92.604	92.885
04/12/2017	93.171	93.355	93.066	93.188
05/12/2017	93.085	93.488	93.035	93.379
06/12/2017	93.313	93.65	93.171	93.61
07/12/2017	93.537	93.8	93.513	93.795
08/12/2017	93.786	94.087	93.77	93.901
11/12/2017	93.928	93.983	93.666	93.866
12/12/2017	93.911	94.219	93.759	94.101
13/12/2017	94.06	94.107	93.395	93.429
14/12/2017	93.409	93.759	93.282	93.489
15/12/2017	93.647	93.997	93.41	93.932
18/12/2017	93.977	94.026	93.383	93.695
19/12/2017	93.706	93.76	93.428	93.441
20/12/2017	93.497	93.535	93.163	93.313
21/12/2017	93.309	93.5	93.235	93.278
22/12/2017	93.371	93.555	93.306	93.347
25/12/2017	93.366	93.398	93.192	93.347
26/12/2017	93.253	93.402	93.204	93.257
27/12/2017	93.296	93.309	92.956	93.025
28/12/2017	93.002	93.023	92.573	92.602
29/12/2017	92.668	92.669	92.08	92.124
02/01/2018	92.24	92.246	91.751	91.872
03/01/2018	91.823	92.261	91.805	92.162
04/01/2018	92.215	92.261	91.798	91.853
05/01/2018	91.868	92.1	91.775	91.949
08/01/2018	92.057	92.396	91.882	92.358
09/01/2018	92.342	92.64	92.213	92.528
10/01/2018	92.569	92.569	91.922	92.332
11/01/2018	92.33	92.546	91.787	91.852
12/01/2018	91.848	91.879	90.902	90.974
15/01/2018	90.936	90.939	90.283	90.974
16/01/2018	90.443	90.822	90.341	90.393
17/01/2018	90.405	91.004	90.113	90.541
18/01/2018	90.781	90.983	90.408	90.498
19/01/2018	90.495	90.704	90.155	90.572
22/01/2018	90.44	90.698	90.347	90.401
23/01/2018	90.389	90.588	90.063	90.124
24/01/2018	90.003	90.113	89.158	89.206
25/01/2018	89.322	89.58	88.438	89.391
26/01/2018	89.404	89.404	88.723	89.067
29/01/2018	89.113	89.619	89.007	89.308
30/01/2018	89.365	89.637	88.912	89.16
31/01/2018	89.1	89.296	88.78	89.133
01/02/2018	89.036	89.328	88.555	88.671
02/02/2018	88.639	89.425	88.591	89.195
05/02/2018	89.347	89.699	89.021	89.554
06/02/2018	89.657	90.034	89.373	89.585
07/02/2018	89.634	90.4	89.468	90.255
08/02/2018	90.267	90.567	90.013	90.229
09/02/2018	90.248	90.563	90.119	90.442
12/02/2018	90.352	90.432	90.073	90.208
13/02/2018	90.093	90.177	89.609	89.703
14/02/2018	89.69	90.124	88.944	89.121
15/02/2018	88.957	89.004	88.544	88.593
16/02/2018	88.567	89.226	88.253	89.1
19/02/2018	89.099	89.442	88.955	89.1
20/02/2018	89.24	89.802	89.217	89.716
21/02/2018	89.713	90.155	89.588	90
22/02/2018	90.159	90.235	89.635	89.736
23/02/2018	89.778	90.059	89.757	89.883
26/02/2018	89.962	90.05	89.503	89.853
27/02/2018	89.804	90.498	89.693	90.355
28/02/2018	90.414	90.698	90.308	90.613
01/03/2018	90.667	90.932	90.207	90.324
02/03/2018	90.246	90.293	89.879	89.935
05/03/2018	89.834	90.216	89.828	90.08
06/03/2018	89.962	90.061	89.427	89.618
07/03/2018	89.508	89.779	89.407	89.637
08/03/2018	89.592	90.232	89.442	90.179
09/03/2018	90.2	90.357	89.998	90.093
12/03/2018	90.105	90.187	89.84	89.895
13/03/2018	89.914	90.112	89.591	89.664
14/03/2018	89.698	89.891	89.561	89.704
15/03/2018	89.753	90.166	89.62	90.139
16/03/2018	90.138	90.378	89.891	90.233
19/03/2018	90.202	90.345	89.764	89.765
20/03/2018	89.877	90.445	89.846	90.371
21/03/2018	90.408	90.401	89.634	89.783
22/03/2018	89.651	89.96	89.396	89.857
23/03/2018	89.668	89.737	89.397	89.484
26/03/2018	89.47	89.516	88.979	89.027
27/03/2018	89.021	89.633	88.942	89.329
28/03/2018	89.318	90.147	89.251	90.058
29/03/2018	90.105	90.178	89.899	90.151
30/03/2018	90.098	90.118	89.878	89.974
02/04/2018	89.974	90.154	89.822	90.052
03/04/2018	90.024	90.275	89.849	90.2
04/04/2018	90.163	90.228	89.917	90.142
05/04/2018	90.088	90.594	90.071	90.46
06/04/2018	90.375	90.597	90.067	90.108
09/04/2018	90.066	90.273	89.818	89.838
10/04/2018	89.828	89.97	89.544	89.587
11/04/2018	89.583	89.67	89.355	89.568
12/04/2018	89.516	89.96	89.443	89.751
13/04/2018	89.758	89.884	89.664	89.8
16/04/2018	89.77	89.85	89.389	89.425
17/04/2018	89.413	89.666	89.229	89.516
18/04/2018	89.505	89.777	89.448	89.623
19/04/2018	89.616	89.952	89.504	89.94
20/04/2018	89.902	90.477	89.888	90.316
23/04/2018	90.354	90.985	90.32	90.946
24/04/2018	90.924	91.076	90.71	90.766
25/04/2018	90.76	91.261	90.75	91.172
26/04/2018	91.211	91.637	90.956	91.561
27/04/2018	91.56	91.986	91.489	91.542
30/04/2018	91.529	91.919	91.482	91.841
01/05/2018	91.809	92.566	91.799	92.449
02/05/2018	92.472	92.834	92.223	92.512
03/05/2018	92.724	92.763	92.345	92.414
04/05/2018	92.434	92.9	92.354	92.566
07/05/2018	92.57	92.974	92.448	92.749
08/05/2018	92.726	93.28	92.654	93.12
09/05/2018	93.05	93.416	92.841	93.04
10/05/2018	93.083	93.164	92.541	92.65
11/05/2018	92.694	92.837	92.369	92.537
14/05/2018	92.554	92.69	92.243	92.587
15/05/2018	92.651	93.457	92.607	93.219
16/05/2018	93.311	93.632	93.135	93.392
17/05/2018	93.263	93.565	93.118	93.469
18/05/2018	93.496	93.83	93.34	93.637
21/05/2018	93.689	94.058	93.512	93.677
22/05/2018	93.536	93.734	93.291	93.609
23/05/2018	93.549	94.188	93.514	94.003
24/05/2018	93.897	93.978	93.608	93.758
25/05/2018	93.799	94.298	93.751	94.188
28/05/2018	94.252	94.496	93.856	94.188
29/05/2018	94.412	95.025	94.277	94.833
30/05/2018	94.818	94.965	94.038	94.153
31/05/2018	94.07	94.247	93.717	93.985
01/06/2018	93.95	94.45	93.881	94.191
04/06/2018	94.155	94.195	93.664	94.02
05/06/2018	94.055	94.316	93.782	93.898
06/06/2018	93.878	93.891	93.422	93.66
07/06/2018	93.576	93.594	93.213	93.397
08/06/2018	93.444	93.821	93.388	93.551
11/06/2018	93.537	93.681	93.366	93.576
12/06/2018	93.666	93.911	93.468	93.802
13/06/2018	93.825	94.028	93.524	93.713
14/06/2018	93.497	94.931	93.193	94.772
15/06/2018	94.906	95.131	94.653	94.789
18/06/2018	94.787	95.048	94.703	94.801
19/06/2018	94.627	95.296	94.534	95.085
20/06/2018	94.969	95.299	94.917	95.055
21/06/2018	95.134	95.529	94.68	94.743
22/06/2018	94.859	94.88	94.434	94.517
25/06/2018	94.498	94.698	94.212	94.276
26/06/2018	94.29	94.772	94.171	94.659
27/06/2018	94.667	95.417	94.526	95.268
28/06/2018	95.274	95.531	95.09	95.386
29/06/2018	95.304	95.324	94.47	94.636
02/07/2018	94.626	95.141	94.531	95.035
03/07/2018	94.842	94.978	94.562	94.671
04/07/2018	94.521	94.712	94.397	94.671
05/07/2018	94.511	94.59	94.177	94.469
06/07/2018	94.364	94.486	93.921	94.036
09/07/2018	93.965	94.206	93.713	94.078
10/07/2018	94.055	94.475	94.018	94.152
11/07/2018	94.202	94.769	94.091	94.72
12/07/2018	94.697	94.941	94.642	94.806
13/07/2018	94.895	95.241	94.671	94.752
16/07/2018	94.692	94.774	94.408	94.511
17/07/2018	94.552	95.064	94.296	94.945
18/07/2018	95.033	95.407	94.958	95.08
19/07/2018	95.078	95.652	94.933	95.154
20/07/2018	95.133	95.28	94.363	94.449
23/07/2018	94.433	94.716	94.207	94.669
24/07/2018	94.669	94.861	94.4	94.608
25/07/2018	94.594	94.665	94.142	94.363
26/07/2018	94.161	94.795	94.084	94.75
27/07/2018	94.762	94.91	94.628	94.675
30/07/2018	94.664	94.756	94.26	94.324
31/07/2018	94.332	94.568	94.164	94.493
01/08/2018	94.556	94.71	94.491	94.624
02/08/2018	94.634	95.189	94.61	95.159
03/08/2018	95.177	95.368	94.98	95.143
06/08/2018	95.201	95.515	95.199	95.357
07/08/2018	95.342	95.368	94.994	95.216
08/08/2018	95.144	95.417	94.994	95.051
09/08/2018	95.1	95.621	95.025	95.504
10/08/2018	95.644	96.452	95.532	96.357
13/08/2018	96.321	96.522	96.158	96.391
14/08/2018	96.326	96.794	96.143	96.731
15/08/2018	96.659	96.984	96.651	96.696
16/08/2018	96.719	96.765	96.316	96.645
17/08/2018	96.608	96.664	96.092	96.101
20/08/2018	96.131	96.402	95.728	95.9
21/08/2018	95.743	95.752	95.079	95.256
22/08/2018	95.21	95.377	94.934	95.146
23/08/2018	95.167	95.709	95.15	95.666
24/08/2018	95.637	95.685	95.026	95.146
27/08/2018	95.171	95.3	94.687	94.779
28/08/2018	94.772	94.912	94.434	94.72
29/08/2018	94.727	94.932	94.527	94.6
30/08/2018	94.531	94.9	94.469	94.723
31/08/2018	94.704	95.224	94.547	95.14
03/09/2018	95.187	95.222	95.009	95.14
04/09/2018	95.138	95.737	95.138	95.439
05/09/2018	95.403	95.663	95.085	95.184
06/09/2018	95.099	95.208	94.933	95.021
07/09/2018	95.016	95.458	94.871	95.365
10/09/2018	95.427	95.564	95.028	95.15
11/09/2018	95.151	95.353	94.882	95.249
12/09/2018	95.104	95.283	94.733	94.799
13/09/2018	94.83	94.965	94.428	94.518
14/09/2018	94.548	94.998	94.359	94.927
17/09/2018	94.932	94.978	94.44	94.496
18/09/2018	94.605	94.729	94.315	94.64
19/09/2018	94.538	94.727	94.32	94.537
20/09/2018	94.55	94.563	93.829	93.912
21/09/2018	93.894	94.332	93.814	94.22
24/09/2018	94.23	94.368	93.84	94.185
25/09/2018	94.247	94.372	94.009	94.133
26/09/2018	94.17	94.4	93.954	94.193
27/09/2018	94.255	95.007	94.211	94.894
28/09/2018	95.023	95.366	94.923	95.132
01/10/2018	95.108	95.373	95.003	95.298
02/10/2018	95.297	95.744	95.263	95.507
03/10/2018	95.459	96.116	95.256	95.762
04/10/2018	96.053	96.121	95.552	95.751
05/10/2018	95.761	95.945	95.516	95.624
08/10/2018	95.62	96.03	95.593	95.761
09/10/2018	95.753	96.155	95.638	95.668
10/10/2018	95.591	95.79	95.375	95.508
11/10/2018	95.43	95.433	94.986	95.017
12/10/2018	95.04	95.371	94.954	95.221
15/10/2018	95.349	95.371	94.955	95.059
16/10/2018	95.049	95.202	94.787	95.048
17/10/2018	95.091	95.663	95.058	95.575
18/10/2018	95.659	95.994	95.486	95.9
19/10/2018	95.948	96.091	95.544	95.713
22/10/2018	95.657	96.092	95.469	96.013
23/10/2018	96.027	96.158	95.807	95.961
24/10/2018	95.917	96.531	95.909	96.434
25/10/2018	96.359	96.732	96.206	96.679
26/10/2018	96.587	96.86	96.286	96.359
29/10/2018	96.441	96.704	96.348	96.579
30/10/2018	96.662	97.02	96.621	97.011
31/10/2018	96.988	97.2	96.875	97.127
01/11/2018	97.082	97.115	96.198	96.277
02/11/2018	96.306	96.594	95.989	96.542
05/11/2018	96.441	96.677	96.249	96.279
06/11/2018	96.331	96.446	96.145	96.317
07/11/2018	95.994	96.464	95.678	95.997
08/11/2018	96.192	96.738	96.068	96.724
09/11/2018	96.632	97.011	96.623	96.905
12/11/2018	97.053	97.693	96.965	97.542
13/11/2018	97.598	97.661	96.935	97.303
14/11/2018	97.027	97.406	96.747	96.803
15/11/2018	97.006	97.389	96.767	96.927
16/11/2018	97.052	97.059	96.397	96.465
19/11/2018	96.426	96.572	96.12	96.193
20/11/2018	96.2	96.891	96.042	96.836
21/11/2018	96.821	96.869	96.496	96.712
22/11/2018	96.717	96.722	96.318	96.712
23/11/2018	96.511	96.977	96.403	96.916
26/11/2018	96.93	97.099	96.659	97.074
27/11/2018	97.032	97.497	96.973	97.369
28/11/2018	97.371	97.538	96.687	96.786
29/11/2018	96.845	97.005	96.626	96.778
30/11/2018	96.762	97.311	96.712	97.272
03/12/2018	97.133	97.164	96.713	97.04
04/12/2018	96.936	97.128	96.379	96.965
05/12/2018	97.007	97.203	96.827	97.07
06/12/2018	97.014	97.205	96.551	96.81
07/12/2018	96.804	96.921	96.511	96.514
10/12/2018	96.715	97.24	96.364	97.219
11/12/2018	97.182	97.545	96.871	97.388
12/12/2018	97.38	97.493	96.89	97.044
13/12/2018	97.044	97.292	96.878	97.064
14/12/2018	97.089	97.711	97.082	97.443
17/12/2018	97.43	97.459	97.052	97.1
18/12/2018	97.133	97.166	96.699	97.104
19/12/2018	96.91	97.1	96.554	97.035
20/12/2018	96.986	97.041	96.168	96.276
21/12/2018	96.385	97.047	96.247	96.956
24/12/2018	96.935	96.937	96.377	96.553
25/12/2018	96.556	96.96	96.472	96.553
26/12/2018	96.584	97.116	96.526	97.05
27/12/2018	96.917	96.939	96.413	96.481
28/12/2018	96.513	96.517	96.188	96.402
31/12/2018	96.402	96.511	95.995	96.173
01/01/2019	96.152	96.322	95.648	96.173
02/01/2019	96.143	96.958	95.82	96.819
03/01/2019	96.718	96.752	96.208	96.305
04/01/2019	96.276	96.612	96.046	96.179
07/01/2019	96.16	96.16	95.638	95.666
08/01/2019	95.691	96.028	95.682	95.903
09/01/2019	95.812	95.92	95.116	95.219
10/01/2019	95.156	95.616	95.029	95.539
11/01/2019	95.438	95.759	95.195	95.67
14/01/2019	95.653	95.721	95.481	95.61
15/01/2019	95.572	96.261	95.466	96.039
16/01/2019	95.94	96.176	95.857	96.059
17/01/2019	96.068	96.264	95.982	96.065
18/01/2019	96.07	96.394	96.006	96.336
21/01/2019	96.349	96.434	96.203	96.336
22/01/2019	96.336	96.484	96.217	96.303
23/01/2019	96.315	96.373	96.045	96.123
24/01/2019	96.072	96.676	96.044	96.601
25/01/2019	96.489	96.528	95.738	95.794
28/01/2019	95.788	95.919	95.638	95.746
29/01/2019	95.737	95.866	95.62	95.821
30/01/2019	95.793	95.984	95.253	95.34
31/01/2019	95.354	95.617	95.162	95.578
01/02/2019	95.554	95.657	95.4	95.579
04/02/2019	95.6	95.918	95.574	95.852
05/02/2019	95.825	96.12	95.811	96.067
06/02/2019	96.058	96.425	96.037	96.39
07/02/2019	96.393	96.673	96.378	96.507
08/02/2019	96.604	96.693	96.45	96.637
11/02/2019	96.663	97.117	96.619	97.057
12/02/2019	97.06	97.198	96.652	96.709
13/02/2019	96.73	97.263	96.63	97.129
14/02/2019	97.138	97.285	96.949	96.978
15/02/2019	97.055	97.368	96.832	96.904
18/02/2019	96.805	96.904	96.651	96.904
19/02/2019	96.812	97.085	96.426	96.52
20/02/2019	96.528	96.648	96.286	96.454
21/02/2019	96.492	96.663	96.36	96.605
22/02/2019	96.588	96.784	96.425	96.507
25/02/2019	96.518	96.604	96.319	96.413
26/02/2019	96.39	96.463	95.948	96.003
27/02/2019	96.06	96.19	95.883	96.154
28/02/2019	96.088	96.283	95.824	96.157
01/03/2019	96.222	96.551	96.07	96.527
04/03/2019	96.342	96.816	96.331	96.682
05/03/2019	96.675	97.008	96.663	96.866
06/03/2019	96.896	96.99	96.782	96.873
07/03/2019	96.831	97.71	96.815	97.667
08/03/2019	97.614	97.639	97.245	97.306
11/03/2019	97.394	97.454	96.919	97.215
12/03/2019	97.053	97.278	96.856	96.935
13/03/2019	97.008	97.021	96.385	96.55
14/03/2019	96.487	96.821	96.474	96.785
15/03/2019	96.719	96.786	96.486	96.595
18/03/2019	96.565	96.628	96.376	96.524
19/03/2019	96.51	96.524	96.291	96.383
20/03/2019	96.397	96.573	95.74	95.761
21/03/2019	95.912	96.625	95.837	96.495
22/03/2019	96.318	96.806	96.211	96.651
25/03/2019	96.637	96.681	96.411	96.566
26/03/2019	96.5	96.845	96.453	96.736
27/03/2019	96.745	96.976	96.684	96.774
28/03/2019	96.966	97.304	96.822	97.202
29/03/2019	97.196	97.341	97.005	97.284
01/04/2019	97.178	97.392	97.032	97.232
02/04/2019	97.333	97.517	97.272	97.361
03/04/2019	97.3	97.324	96.962	97.091
04/04/2019	97.036	97.338	97.019	97.308
05/04/2019	97.298	97.466	97.186	97.395
08/04/2019	97.392	97.396	96.982	97.05
09/04/2019	97.076	97.085	96.858	97.006
10/04/2019	96.993	97.216	96.852	96.946
11/04/2019	96.893	97.194	96.876	97.177
12/04/2019	97.135	97.178	96.745	96.972
15/04/2019	96.925	96.964	96.788	96.942
16/04/2019	96.928	97.091	96.883	97.043
17/04/2019	97.074	97.119	96.818	97.009
18/04/2019	97.012	97.485	96.956	97.474
19/04/2019	97.415	97.427	97.332	97.378
22/04/2019	97.375	97.413	97.258	97.287
23/04/2019	97.283	97.777	97.28	97.636
24/04/2019	97.595	98.189	97.588	98.173
25/04/2019	98.096	98.322	97.987	98.203
26/04/2019	98.12	98.33	97.851	98.006
29/04/2019	98.033	98.104	97.83	97.857
30/04/2019	97.845	97.892	97.439	97.479
01/05/2019	97.528	97.728	97.149	97.686
02/05/2019	97.627	97.851	97.514	97.832
03/05/2019	97.832	98.102	97.407	97.52
06/05/2019	97.562	97.705	97.462	97.515
07/05/2019	97.523	97.743	97.381	97.628
08/05/2019	97.574	97.677	97.417	97.623
09/05/2019	97.582	97.7	97.238	97.373
10/05/2019	97.429	97.452	97.132	97.33
13/05/2019	97.3	97.384	97.028	97.319
14/05/2019	97.319	97.556	97.271	97.526
15/05/2019	97.529	97.7	97.436	97.569
16/05/2019	97.539	97.882	97.444	97.855
17/05/2019	97.828	98.034	97.765	97.995
20/05/2019	97.959	98.036	97.881	97.933
21/05/2019	97.916	98.134	97.823	98.062
22/05/2019	98.017	98.121	97.892	98.041
23/05/2019	98.062	98.371	97.808	97.856
24/05/2019	97.831	97.906	97.546	97.613
27/05/2019	97.568	97.791	97.547	97.613
28/05/2019	97.738	97.978	97.696	97.952
29/05/2019	97.925	98.207	97.864	98.144
30/05/2019	98.134	98.281	98.088	98.142
31/05/2019	98.152	98.173	97.608	97.75
03/06/2019	97.636	97.802	97.106	97.142
04/06/2019	97.206	97.335	96.995	97.072
05/06/2019	97.117	97.37	96.749	97.32
06/06/2019	97.289	97.35	96.782	97.044
07/06/2019	97.011	97.179	96.459	96.544
10/06/2019	96.645	96.935	96.63	96.761
11/06/2019	96.747	96.884	96.642	96.686
12/06/2019	96.71	97.018	96.582	97
13/06/2019	96.956	97.082	96.873	97.013
14/06/2019	97.014	97.583	96.942	97.572
17/06/2019	97.524	97.603	97.341	97.558
18/06/2019	97.529	97.766	97.368	97.644
19/06/2019	97.634	97.679	97.087	97.117
20/06/2019	97.175	97.196	96.567	96.629
21/06/2019	96.616	96.711	96.093	96.22
24/06/2019	96.182	96.201	95.97	95.98
25/06/2019	96.001	96.364	95.843	96.14
26/06/2019	96.176	96.344	96.068	96.214
27/06/2019	96.175	96.389	96.138	96.194
28/06/2019	96.192	96.302	96.021	96.13
01/07/2019	96.254	96.867	96.251	96.844
02/07/2019	96.813	96.875	96.604	96.726
03/07/2019	96.732	96.872	96.592	96.768
04/07/2019	96.711	96.809	96.657	96.768
05/07/2019	96.724	97.443	96.718	97.286
08/07/2019	97.23	97.419	97.163	97.384
09/07/2019	97.384	97.588	97.357	97.489
10/07/2019	97.509	97.552	97.035	97.104
11/07/2019	97.061	97.147	96.795	97.05
12/07/2019	97.078	97.116	96.722	96.81
15/07/2019	96.836	96.969	96.749	96.933
16/07/2019	96.918	97.438	96.915	97.395
17/07/2019	97.364	97.444	97.164	97.223
18/07/2019	97.195	97.264	96.671	96.794
19/07/2019	96.824	97.292	96.756	97.151
22/07/2019	97.145	97.302	97.127	97.257
23/07/2019	97.301	97.742	97.297	97.705
24/07/2019	97.715	97.81	97.554	97.729
25/07/2019	97.686	97.92	97.495	97.818
26/07/2019	97.791	98.088	97.761	98.01
29/07/2019	97.991	98.165	97.896	98.044
30/07/2019	98.068	98.206	98.016	98.05
31/07/2019	98.03	98.683	98.005	98.516
01/08/2019	98.594	98.932	98.269	98.369
02/08/2019	98.411	98.448	98.054	98.074
05/08/2019	98.107	98.135	97.378	97.522
06/08/2019	97.249	97.772	97.208	97.63
07/08/2019	97.561	97.851	97.314	97.544
08/08/2019	97.596	97.737	97.427	97.618
09/08/2019	97.573	97.642	97.033	97.491
12/08/2019	97.535	97.738	97.319	97.38
13/08/2019	97.479	97.847	97.317	97.812
14/08/2019	97.804	98.05	97.665	97.987
15/08/2019	97.953	98.237	97.822	98.144
16/08/2019	98.133	98.339	98.109	98.142
19/08/2019	98.17	98.39	98.134	98.347
20/08/2019	98.364	98.45	98.122	98.19
21/08/2019	98.174	98.326	97.948	98.295
22/08/2019	98.252	98.393	98.083	98.17
23/08/2019	98.187	98.45	97.169	97.64
26/08/2019	97.593	98.091	97.477	98.081
27/08/2019	98.053	98.054	97.858	97.999
28/08/2019	98.009	98.264	97.998	98.21
29/08/2019	98.186	98.55	98.157	98.507
30/08/2019	98.432	99.023	98.407	98.916
02/09/2019	98.828	99.133	98.806	98.916
03/09/2019	99.08	99.37	98.915	99
04/09/2019	98.962	98.97	98.391	98.451
05/09/2019	98.401	98.535	98.085	98.414
06/09/2019	98.419	98.519	98.012	98.394
09/09/2019	98.422	98.509	98.142	98.281
10/09/2019	98.329	98.463	98.259	98.326
11/09/2019	98.334	98.745	97.861	98.645
12/09/2019	98.633	99.099	98.189	98.309
13/09/2019	98.414	98.429	97.858	98.257
16/09/2019	98.12	98.712	98.026	98.61
17/09/2019	98.649	98.744	98.186	98.261
18/09/2019	98.207	98.693	98.193	98.561
19/09/2019	98.569	98.623	98.2	98.272
20/09/2019	98.34	98.638	98.144	98.513
23/09/2019	98.51	98.832	98.446	98.599
24/09/2019	98.643	98.705	98.29	98.337
25/09/2019	98.38	99.064	98.362	99.037
26/09/2019	98.962	99.276	98.838	99.132
27/09/2019	99.186	99.308	98.986	99.109
30/09/2019	99.117	99.459	99.052	99.377
01/10/2019	99.399	99.667	99.074	99.128
02/10/2019	99.164	99.415	98.96	99.019
03/10/2019	99.028	99.192	98.639	98.864
04/10/2019	98.873	98.996	98.735	98.808
07/10/2019	98.82	99.005	98.741	98.967
08/10/2019	98.977	99.249	98.848	99.133
09/10/2019	99.092	99.161	98.9	99.118
10/10/2019	98.98	99.067	98.619	98.701
11/10/2019	98.704	98.742	98.197	98.301
14/10/2019	98.363	98.531	98.341	98.454
15/10/2019	98.448	98.645	98.209	98.288
16/10/2019	98.32	98.42	97.898	98.002
17/10/2019	97.992	98.113	97.496	97.607
18/10/2019	97.599	97.659	97.141	97.282
21/10/2019	97.338	97.4	97.146	97.328
22/10/2019	97.312	97.573	97.261	97.526
23/10/2019	97.489	97.65	97.42	97.491
24/10/2019	97.457	97.777	97.283	97.631
25/10/2019	97.688	97.904	97.571	97.831
28/10/2019	97.849	97.894	97.674	97.764
29/10/2019	97.755	97.929	97.613	97.69
30/10/2019	97.673	98.004	97.447	97.646
31/10/2019	97.443	97.454	97.22	97.352
01/11/2019	97.298	97.454	97.107	97.239
04/11/2019	97.222	97.576	97.166	97.505
05/11/2019	97.548	98.006	97.469	97.983
06/11/2019	97.936	97.979	97.779	97.952
07/11/2019	97.946	98.234	97.821	98.143
08/11/2019	98.138	98.404	98.103	98.353
11/11/2019	98.367	98.382	98.128	98.2
12/11/2019	98.209	98.423	98.206	98.309
13/11/2019	98.326	98.447	98.292	98.373
14/11/2019	98.338	98.424	98.112	98.163
15/11/2019	98.166	98.234	97.964	97.999
18/11/2019	97.98	97.983	97.678	97.794
19/11/2019	97.807	97.886	97.751	97.856
20/11/2019	97.845	98.038	97.845	97.934
21/11/2019	97.86	98.033	97.727	97.993
22/11/2019	97.929	98.305	97.836	98.27
25/11/2019	98.265	98.381	98.174	98.323
26/11/2019	98.333	98.377	98.229	98.252
27/11/2019	98.297	98.44	98.28	98.37
28/11/2019	98.335	98.396	98.264	98.37
29/11/2019	98.345	98.544	98.225	98.273
02/12/2019	98.271	98.376	97.811	97.856
03/12/2019	97.891	97.94	97.644	97.737
04/12/2019	97.709	97.788	97.433	97.648
05/12/2019	97.591	97.595	97.358	97.41
06/12/2019	97.38	97.844	97.355	97.7
09/12/2019	97.677	97.724	97.558	97.644
10/12/2019	97.65	97.659	97.401	97.413
11/12/2019	97.512	97.596	97.039	97.078
12/12/2019	97.082	97.519	96.588	97.397
13/12/2019	96.777	97.237	96.719	97.172
16/12/2019	97.176	97.176	96.93	97.019
17/12/2019	97.142	97.295	97.028	97.222
18/12/2019	97.235	97.475	97.221	97.4
19/12/2019	97.403	97.486	97.224	97.379
20/12/2019	97.395	97.758	97.382	97.69
23/12/2019	97.672	97.817	97.583	97.658
24/12/2019	97.663	97.795	97.615	97.654
25/12/2019	97.67	97.726	97.3466	97.654
26/12/2019	97.625	97.708	97.493	97.534
27/12/2019	97.543	97.552	96.915	96.919
30/12/2019	97.015	97.015	96.606	96.74
31/12/2019	96.733	96.733	96.355	96.389
01/01/2020	96.5	97.103	96.389	96.389
02/01/2020	96.477	96.873	96.425	96.846
03/01/2020	96.788	97.105	96.71	96.838
06/01/2020	96.897	96.897	96.54	96.671
07/01/2020	96.653	97.091	96.621	97.005
08/01/2020	96.825	97.35	96.818	97.299
09/01/2020	97.27	97.556	97.246	97.45
10/01/2020	97.432	97.584	97.295	97.356
13/01/2020	97.348	97.53	97.308	97.345
14/01/2020	97.362	97.562	97.328	97.372
15/01/2020	97.377	97.44	97.158	97.229
16/01/2020	97.184	97.363	97.085	97.32
17/01/2020	97.296	97.656	97.267	97.637
20/01/2020	97.637	97.729	97.579	97.606
21/01/2020	97.633	97.656	97.392	97.531
22/01/2020	97.622	97.686	97.441	97.527
23/01/2020	97.484	97.802	97.426	97.693
24/01/2020	97.719	97.946	97.667	97.853
27/01/2020	97.884	98	97.783	97.956
28/01/2020	97.951	98.156	97.904	98.018
29/01/2020	97.946	98.188	97.943	97.991
30/01/2020	98.028	98.074	97.791	97.867
31/01/2020	97.866	97.968	97.354	97.39
03/02/2020	97.367	97.887	97.367	97.8
04/02/2020	97.818	98.006	97.787	97.961
05/02/2020	97.941	98.318	97.901	98.301
06/02/2020	98.29	98.572	98.209	98.496
07/02/2020	98.459	98.718	98.417	98.684
10/02/2020	98.699	98.882	98.599	98.832
11/02/2020	98.863	98.952	98.708	98.721
12/02/2020	98.768	99.051	98.705	99.049
13/02/2020	98.99	99.11	98.854	99.067
14/02/2020	99.124	99.166	98.997	99.124
17/02/2020	99.161	99.208	99.003	99.003
18/02/2020	99.192	99.474	99.139	99.44
19/02/2020	99.434	99.722	99.378	99.705
20/02/2020	99.538	99.91	99.528	99.865
21/02/2020	99.857	99.87	99.231	99.262
24/02/2020	99.337	99.638	99.113	99.359
25/02/2020	99.327	99.388	98.883	98.968
26/02/2020	99.082	99.266	98.913	98.996
27/02/2020	99.018	99.051	98.361	98.508
28/02/2020	98.421	98.658	97.96	98.132
02/03/2020	98.122	98.122	97.181	97.36
03/03/2020	97.563	97.695	96.979	97.153
04/03/2020	97.168	97.594	97.119	97.336
05/03/2020	97.384	97.436	96.515	96.82
06/03/2020	96.614	96.702	95.711	95.951
09/03/2020	96.108	95.788	94.65	94.895
10/03/2020	95.339	96.582	95.226	96.414
11/03/2020	96.329	96.692	95.914	96.507
12/03/2020	96.653	98.311	96.079	97.468
13/03/2020	97.448	98.81	97.335	98.749
16/03/2020	98.696	98.696	97.446	98.069
17/03/2020	98.138	99.832	97.981	99.575
18/03/2020	99.38	101.743	99.154	101.16
19/03/2020	100.789	102.938	100.77	102.755
20/03/2020	102.936	102.992	101.086	102.817
23/03/2020	101.947	102.979	101.653	102.487
24/03/2020	102.131	102.213	101.05	102.039
25/03/2020	101.596	101.91	100.842	101.05
26/03/2020	100.956	101.018	99.239	99.352
27/03/2020	99.291	99.813	98.27	98.365
30/03/2020	98.306	99.319	98.289	99.181
31/03/2020	99.253	99.948	98.893	99.048
01/04/2020	99.01	99.842	98.911	99.673
02/04/2020	99.509	100.409	99.335	100.18
03/04/2020	100.202	100.853	100.143	100.576
06/04/2020	100.659	100.931	100.475	100.685
07/04/2020	100.753	100.79	99.77	99.9
08/04/2020	99.909	100.43	99.902	100.119
09/04/2020	100.134	100.299	99.362	99.517
10/04/2020	99.584	99.631	99.365	99.517
13/04/2020	99.487	99.63	99.139	99.348
14/04/2020	99.383	99.427	98.825	98.887
15/04/2020	98.818	99.976	98.817	99.461
16/04/2020	99.627	100.302	99.612	100.025
17/04/2020	99.859	100.294	99.621	99.782
20/04/2020	99.712	100.073	99.652	99.955
21/04/2020	99.943	100.478	99.928	100.258
22/04/2020	100.21	100.497	99.897	100.388
23/04/2020	100.448	100.691	100.037	100.433
24/04/2020	100.497	100.867	100.186	100.38
27/04/2020	100.23	100.319	99.833	100.041
28/04/2020	100.056	100.209	99.45	99.865
29/04/2020	99.876	99.885	99.465	99.565
30/04/2020	99.481	99.725	98.805	99.016
01/05/2020	99.126	99.214	98.645	99.079
04/05/2020	98.565	99.599	98.565	99.484
05/05/2020	99.506	99.97	99.299	99.709
06/05/2020	99.795	100.2	99.751	100.091
07/05/2020	100.209	100.401	99.812	99.889
08/05/2020	99.838	99.944	99.097	99.734
11/05/2020	99.118	100.281	99.118	100.236
12/05/2020	100.229	100.44	99.663	99.933
13/05/2020	100.008	100.276	99.577	100.242
14/05/2020	100.187	100.556	100.148	100.466
15/05/2020	100.259	100.488	100.08	100.402
18/05/2020	100.363	100.467	99.58	99.665
19/05/2020	99.619	99.731	99.23	99.371
20/05/2020	99.554	99.562	99.002	99.124
21/05/2020	99.175	99.512	99.023	99.37
22/05/2020	99.421	99.873	99.385	99.863
25/05/2020	99.795	99.975	99.686	99.863
26/05/2020	99.765	99.773	98.898	98.908
27/05/2020	99.016	99.342	98.716	99.062
28/05/2020	98.913	99.092	98.353	98.383
29/05/2020	98.515	98.547	97.945	98.344
01/06/2020	98.297	98.322	97.787	97.83
02/06/2020	97.841	97.909	97.43	97.673
03/06/2020	97.566	97.626	97.185	97.276
04/06/2020	97.322	97.634	96.572	96.677
05/06/2020	96.743	97.032	96.442	96.937
08/06/2020	96.842	97.069	96.598	96.618
09/06/2020	96.629	97.063	96.226	96.324
10/06/2020	96.431	96.456	95.716	95.959
11/06/2020	96.094	96.827	95.95	96.733
12/06/2020	96.805	97.454	96.492	97.319
15/06/2020	97.088	97.39	96.597	96.706
16/06/2020	96.563	97.252	96.431	96.958
17/06/2020	97.006	97.338	96.801	97.158
18/06/2020	97.077	97.58	96.951	97.421
19/06/2020	97.422	97.717	97.159	97.623
22/06/2020	97.663	97.739	97.005	97.039
23/06/2020	96.932	97.245	96.385	96.646
24/06/2020	96.657	97.24	96.55	97.148
25/06/2020	97.242	97.597	97.163	97.429
26/06/2020	97.35	97.682	97.258	97.433
29/06/2020	97.499	97.646	97.114	97.536
30/06/2020	97.396	97.802	97.23	97.391
01/07/2020	97.391	97.622	97.029	97.196
02/07/2020	97.145	97.34	96.81	97.317
03/07/2020	97.215	97.355	97.124	97.172
06/07/2020	97.151	97.195	96.569	96.725
07/07/2020	96.751	97.152	96.6	96.881
08/07/2020	96.987	97.052	96.403	96.428
09/07/2020	96.452	96.814	96.235	96.7
10/07/2020	96.752	96.974	96.439	96.652
13/07/2020	96.658	96.68	96.27	96.464
14/07/2020	96.541	96.701	96.179	96.259
15/07/2020	96.172	96.249	95.777	96.081
16/07/2020	96.003	96.402	95.893	96.346
17/07/2020	96.281	96.329	95.901	95.942
20/07/2020	96.006	96.179	95.734	95.832
21/07/2020	95.745	95.917	95.047	95.117
22/07/2020	95.128	95.412	94.829	94.988
23/07/2020	94.98	95.181	94.59	94.692
24/07/2020	94.767	94.833	94.334	94.435
27/07/2020	94.346	94.416	93.476	93.668
28/07/2020	93.581	94.007	93.493	93.696
29/07/2020	93.748	93.799	93.18	93.453
30/07/2020	93.319	93.679	92.929	93.021
31/07/2020	92.824	93.538	92.546	93.349
03/08/2020	93.455	93.991	93.318	93.542
04/08/2020	93.557	93.834	93.227	93.382
05/08/2020	93.232	93.245	92.563	92.868
06/08/2020	92.773	93.086	92.521	92.788
07/08/2020	92.812	93.623	92.763	93.435
10/08/2020	93.392	93.695	93.296	93.582
11/08/2020	93.596	93.741	93.171	93.628
12/08/2020	93.683	93.905	93.268	93.443
13/08/2020	93.365	93.388	92.928	93.335
14/08/2020	93.218	93.409	93.015	93.096
17/08/2020	93.095	93.123	92.77	92.851
18/08/2020	92.821	92.821	92.127	92.271
19/08/2020	92.279	93.053	92.154	92.887
20/08/2020	92.956	93.238	92.726	92.793
21/08/2020	92.722	93.473	92.575	93.247
24/08/2020	93.199	93.344	92.84	93.298
25/08/2020	93.282	93.347	92.967	93.019
26/08/2020	93.021	93.364	92.85	93.006
27/08/2020	92.854	93.319	92.417	93.001
28/08/2020	93.018	93.096	92.198	92.371
31/08/2020	92.299	92.478	91.993	92.144
01/09/2020	92.184	92.399	91.746	92.338
02/09/2020	92.279	92.87	92.208	92.847
03/09/2020	92.66	93.068	92.65	92.739
04/09/2020	92.803	93.238	92.662	92.719
07/09/2020	92.975	93.093	92.719	92.719
08/09/2020	93.054	93.523	93.002	93.445
09/09/2020	93.581	93.662	93.142	93.255
10/09/2020	93.233	93.451	92.7	93.336
11/09/2020	93.327	93.382	93.096	93.333
14/09/2020	93.293	93.328	92.873	93.063
